   3740302.    
   274.3501    
   22394.88    
   272.8846    
   3405.131    
   268.0280    
   7650.792    
   263.9318    
   24120.29    
   266.3907    
   8144.395    
   261.3063    
   11805.73    
   271.3282    
   30445.71    
   260.7182    
   13530.48    
   264.7754    
   7056.862    
   258.6890    
   8241692.    
   14666.23    
   2397224.    
   14316.88    
   4346063.    
   13329.20    
   3131.498    
   285.1491    
   1024.748    
   261.5875    
   943.0737    
   260.7259    
  1.0005464E+07
   261.9236    
   2296251.    
   7506.960    
   3935423.    
   6327.734    
   3480904.    
   5345.802    
   3974214.    
   4142.314    
   7618004.    
   2008.649    
   106707.0    
   1996.603    
   61590.26    
   1989.635    
   110531.9    
   1992.617    
   45316.45    
   1986.907    
   43312.80    
   1992.742    
   78463.38    
   1988.131    
   162939.5    
   1963.191    
   345973.5    
   1900.569    
   571014.3    
   1780.147    
   85437.35    
   1782.234    
   46340.62    
   1799.914    
   53497.29    
   1806.762    
   68218.85    
   1797.935    
   147981.5    
   1812.721    
   142181.2    
   1782.249    
   418974.8    
   1730.623    
   428183.2    
   1655.493    
   1410.009    
   251.2986    
   34164.64    
   1469.377    
   22610.48    
   1465.275    
   56663.64    
   1477.697    
   194930.6    
   1478.306    
   32468.09    
   1470.470    
   25758.03    
   1457.265    
   18652.88    
   1460.609    
   15673.06    
   1435.859    
   22000.97    
   1443.131    
   38558.59    
   1449.971    
